1379
1751
2951
3481
5440
5493
5806
5858
9380
11308
15151
19273
22322
24998
25698
28054
21099
24658
11773
22851
9491
11098
11432
4477
24591
24349
8178
12151
25160
12459
9129
17067
4909
23673
9337
12393
14152
11889
25676
21457
1160
23478
21889
9478
18874
9163
23320
11962
14765
6586
26496
15342
8351
19399
6576
6547
18114
17470
13853
652
23316
12650
24064
5011
2774
20437
11014
5960
19451
26335
10448
5696
134
1993
18581
25100
20942
16352
12556
1010
5118
17496
6901
11247
5174
21337
272
4529
2876
15137
19130
2241
11310
603
11252
14207
27297
6483
7411
26952
7168
12513
15164
9719
25777
5309
6214
2666
5639
8589
2257
4893
15248
22179
19713
7941
10796
548
6905
8056
11245
690
19507
4385
8393
16684
16483
11244
21282
9407
9510
9481
22090
8728
4260
11855
26499
2455
11242
16015
19589
8330
10925
17718
11249
6442
11253
16014
13494
9181
14801
2967
8883
4024
6257
6443
20196
20838
27042
10014
26931
12168
8903
21007
5112
12562
14871
9145
11100
26504
6476
2560
27799
25095
19883
25918
27100
9744
7065
4254
9119
21830
588
23449
13800
26519
1
25216
17505
11193
760
24044
2044
15776
12932
4698
2200
14694
17618
5774
5231
14286
9777
935
24448
1060
854
9778
2406
9772
7427
8841
11256
19423
4550
16011
11294
4242
20199
511
120
15664
15446
24464
16915
5113
11269
65
15099
15702
20423
8036
20615
8196
25733
7731
14996
13442
8452
13749
12809
12705
26619
7739
10468
24115
9644
23560
2401
4735
7416
765
11088
3124
12751
13031
24939
874
25253
12835
13732
17953
2971
16445
13337
16250
7365
17248
21493
14096
4361
24785
5884
4835
8403
1081
8215
8642
16012
23410
6178
4204
5740
1782
2086
11600
6412
11250
4794
2788
5472
21384
19692
1500
15406
18699
9121
9823
21517
22346
18143
4228
11927
23765
142
13199
27734
18934
25462
15076
20923
20595
12397
402
19466
7288
